PID, Date, Time, RunType, Scenario, Trial, Task, Cognitive, Visual, InputEvent, ElapsedTime, Duration, N_OptimalChoice, R_FirstTry, Notes
xxx,6/22/2015,15:41:24,Practice,NA,1,Nav,Easy,Easy,Start Run,15:41:24.46,63570584484.46,NA,NA,
xxx,6/22/2015,15:41:24,Practice,NA,1,Nav,Easy,Easy,(phase) Listening Start,15:41:24.47,63570584484.471,NA,NA,
xxx,6/22/2015,15:41:25,Practice,NA,1,Nav,Easy,Easy,(phase) Listening Stop,0:00:01.32,1.325,NA,NA,
xxx,6/22/2015,15:41:25,Practice,NA,1,Nav,Easy,Easy,(phase) Speaking Start,0:00:01.33,1.334,NA,NA,
xxx,6/22/2015,15:41:30,Practice,NA,1,Nav,Easy,Easy,(phase) Speaking Stop,0:00:06.04,6.044,NA,NA,
xxx,6/22/2015,15:41:30,Practice,NA,1,Nav,Easy,Easy,(btn) command correct perfect,0:00:06.05,6.052,NA,NA,
xxx,6/22/2015,15:41:30,Practice,NA,1,Nav,Easy,Easy,(phase) Reading Start,0:00:06.07,6.077,NA,NA,
xxx,6/22/2015,15:41:36,Practice,NA,1,Nav,Easy,Easy,(phase) Reading Stop,0:00:11.93,11.932,NA,NA,
xxx,6/22/2015,15:41:36,Practice,NA,1,Nav,Easy,Easy,(btn) line 1,0:00:11.94,11.941,yes,NA,
xxx,6/22/2015,15:41:36,Practice,NA,1,Nav,Easy,Easy,show confirmation,0:00:11.95,11.957,NA,NA,
PID, Date, Time, RunType, Scenario, Trial, Task, Cognitive, Visual, InputEvent, ElapsedTime, Duration, N_OptimalChoice, R_FirstTry, Notes
xxx,6/22/2015,17:43:57,Practice,NA,1,Nav,Easy,Easy,Start Run,17:43:57.37,63570591837.379,NA,NA,
xxx,6/22/2015,17:43:57,Practice,NA,1,Nav,Easy,Easy,(phase) Listening Start,17:43:57.39,63570591837.39,NA,NA,
xxx,6/22/2015,17:43:58,Practice,NA,1,Nav,Easy,Easy,(phase) Listening Stop,0:00:01.33,1.332,NA,NA,
xxx,6/22/2015,17:43:58,Practice,NA,1,Nav,Easy,Easy,(phase) Speaking Start,0:00:01.34,1.342,NA,NA,
PID, Date, Time, RunType, Scenario, Trial, Task, Cognitive, Visual, InputEvent, ElapsedTime, Duration, N_OptimalChoice, R_FirstTry, Notes
xxx,6/22/2015,17:44:41,Practice,1A,1,TDT Long,NA,NA,change scenario,17:44:41.68,63570591881.69,NA,NA,
PID, Date, Time, RunType, Scenario, Trial, Task, Cognitive, Visual, InputEvent, ElapsedTime, Duration, N_OptimalChoice, R_FirstTry, Notes
xxx,6/22/2015,17:44:43,Practice,1A,1,TDT Long,NA,NA,Start Run,17:44:43.28,63570591883.282,NA,NA,
xxx,6/22/2015,17:44:48,Practice,1A,1,TDT Long,NA,NA,chime,0:00:05.01,5.018,NA,NA,
xxx,6/22/2015,17:44:51,Practice,1A,2,Nav Easy,Easy,Easy,(phase) Listening Start,0:00:08.19,3.173,NA,NA,
xxx,6/22/2015,17:44:51,Practice,1A,2,Nav Easy,Easy,Easy,Jump to trial 2,0:00:00.00,-8.191,NA,NA,
xxx,6/22/2015,17:44:52,Practice,1A,2,Nav Easy,Easy,Easy,(phase) Listening Stop,0:00:01.12,1.125,NA,NA,
xxx,6/22/2015,17:44:52,Practice,1A,2,Nav Easy,Easy,Easy,(phase) Speaking Start,0:00:01.13,0.011,NA,NA,
xxx,6/22/2015,17:44:57,Practice,1A,2,Nav Easy,Easy,Easy,(phase) Speaking Stop,0:00:05.48,4.347,NA,NA,
xxx,6/22/2015,17:44:57,Practice,1A,2,Nav Easy,Easy,Easy,(btn) command correct perfect,0:00:05.49,0.008,NA,NA,
xxx,6/22/2015,17:44:57,Practice,1A,2,Nav Easy,Easy,Easy,(phase) Reading Start,0:00:05.52,0.034,NA,NA,
xxx,6/22/2015,17:45:01,Practice,1A,2,Nav Easy,Easy,Easy,(phase) Reading Stop,0:00:10.33,4.812,NA,NA,
xxx,6/22/2015,17:45:01,Practice,1A,2,Nav Easy,Easy,Easy,(btn) line 3,0:00:10.34,0.009,no,NA,
xxx,6/22/2015,17:45:01,Practice,1A,2,Nav Easy,Easy,Easy,show confirmation,0:00:10.36,0.02,NA,NA,
xxx,6/22/2015,17:45:06,Practice,1A,3,Nav Easy,Easy,Easy,(phase) Listening Start,0:00:15.38,5.021,NA,NA,
xxx,6/22/2015,17:45:07,Practice,1A,3,Nav Easy,Easy,Easy,start trial 3,0:00:15.44,0.054,NA,NA,
xxx,6/22/2015,17:45:08,Practice,1A,3,Nav Easy,Easy,Easy,(phase) Listening Stop,0:00:16.58,1.141,NA,NA,
xxx,6/22/2015,17:45:08,Practice,1A,3,Nav Easy,Easy,Easy,(phase) Speaking Start,0:00:16.59,0.009,NA,NA,
PID, Date, Time, RunType, Scenario, Trial, Task, Cognitive, Visual, InputEvent, ElapsedTime, Duration, N_OptimalChoice, R_FirstTry, Notes
xxx,6/22/2015,17:46:40,Practice,1A,1,TDT Long,NA,NA,Start Run,17:46:40.48,63570592000.49,NA,NA,
xxx,6/22/2015,17:46:45,Practice,1A,1,TDT Long,NA,NA,chime,0:00:05.01,5.019,NA,NA,
xxx,6/22/2015,17:46:47,Practice,1A,2,Nav Easy,Easy,Easy,(phase) Listening Start,0:00:06.58,1.571,NA,NA,
xxx,6/22/2015,17:46:47,Practice,1A,2,Nav Easy,Easy,Easy,Jump to trial 2,0:00:00.00,-6.59,NA,NA,
xxx,6/22/2015,17:46:48,Practice,1A,2,Nav Easy,Easy,Easy,(phase) Listening Stop,0:00:01.11,1.119,NA,NA,
xxx,6/22/2015,17:46:48,Practice,1A,2,Nav Easy,Easy,Easy,(phase) Speaking Start,0:00:01.13,0.012,NA,NA,
xxx,6/22/2015,17:46:54,Practice,1A,2,Nav Easy,Easy,Easy,(phase) Speaking Stop,0:00:07.32,6.194,NA,NA,
xxx,6/22/2015,17:46:54,Practice,1A,2,Nav Easy,Easy,Easy,(btn) command correct perfect,0:00:07.33,0.011,NA,NA,
xxx,6/22/2015,17:46:54,Practice,1A,2,Nav Easy,Easy,Easy,(phase) Reading Start,0:00:07.35,0.023,NA,NA,
xxx,6/22/2015,17:46:58,Practice,1A,2,Nav Easy,Easy,Easy,(phase) Reading Stop,0:00:11.74,4.39,NA,NA,
xxx,6/22/2015,17:46:58,Practice,1A,2,Nav Easy,Easy,Easy,(btn) line 1,0:00:11.75,0.01,yes,NA,
xxx,6/22/2015,17:46:58,Practice,1A,2,Nav Easy,Easy,Easy,show confirmation,0:00:11.77,0.02,NA,NA,
xxx,6/22/2015,17:47:03,Practice,1A,3,Nav Easy,Easy,Easy,(phase) Listening Start,0:00:16.80,5.023,NA,NA,
xxx,6/22/2015,17:47:04,Practice,1A,3,Nav Easy,Easy,Easy,start trial 3,0:00:16.86,0.063,NA,NA,
xxx,6/22/2015,17:47:05,Practice,1A,3,Nav Easy,Easy,Easy,(phase) Listening Stop,0:00:17.97,1.112,NA,NA,
xxx,6/22/2015,17:47:05,Practice,1A,3,Nav Easy,Easy,Easy,(phase) Speaking Start,0:00:17.98,0.011,NA,NA,
xxx,6/22/2015,17:47:10,Practice,1A,3,Nav Easy,Easy,Easy,(phase) Speaking Stop,0:00:22.87,4.889,NA,NA,
xxx,6/22/2015,17:47:10,Practice,1A,3,Nav Easy,Easy,Easy,(btn) command incorrect,0:00:22.89,0.021,NA,NA,
xxx,6/22/2015,17:47:15,Practice,1A,4,Nav Easy,Easy,Easy,(phase) Listening Start,0:00:27.91,5.016,NA,NA,
xxx,6/22/2015,17:47:16,Practice,1A,4,Nav Easy,Easy,Easy,(phase) Listening Stop,0:00:29.07,1.158,NA,NA,
xxx,6/22/2015,17:47:16,Practice,1A,4,Nav Easy,Easy,Easy,(phase) Speaking Start,0:00:29.08,0.009,NA,NA,
PID, Date, Time, RunType, Scenario, Trial, Task, Cognitive, Visual, InputEvent, ElapsedTime, Duration, N_OptimalChoice, R_FirstTry, Notes
xxx,6/22/2015,17:50:07,Practice,1B,1,TDT Short,NA,NA,Start Run,17:50:07.72,63570592207.721,NA,NA,
xxx,6/22/2015,17:50:12,Practice,1B,1,TDT Short,NA,NA,chime,0:00:05.01,5.019,NA,NA,
xxx,6/22/2015,17:50:17,Practice,1B,2,Nav,Easy,Easy,(phase) Listening Start,0:00:09.66,4.65,NA,NA,
xxx,6/22/2015,17:50:17,Practice,1B,2,Nav,Easy,Easy,Jump to trial 2,0:00:00.00,-9.669,NA,NA,
xxx,6/22/2015,17:50:18,Practice,1B,2,Nav,Easy,Easy,(phase) Listening Stop,0:00:01.11,1.118,NA,NA,
xxx,6/22/2015,17:50:18,Practice,1B,2,Nav,Easy,Easy,(phase) Speaking Start,0:00:01.12,0.011,NA,NA,
xxx,6/22/2015,17:50:23,Practice,1B,2,Nav,Easy,Easy,(phase) Speaking Stop,0:00:06.37,5.245,NA,NA,
xxx,6/22/2015,17:50:23,Practice,1B,2,Nav,Easy,Easy,(btn) command correct perfect,0:00:06.38,0.011,NA,NA,
xxx,6/22/2015,17:50:23,Practice,1B,2,Nav,Easy,Easy,(phase) Reading Start,0:00:06.40,0.025,NA,NA,
xxx,6/22/2015,17:50:28,Practice,1B,2,Nav,Easy,Easy,(phase) Reading Stop,0:00:10.52,4.115,NA,NA,
xxx,6/22/2015,17:50:28,Practice,1B,2,Nav,Easy,Easy,(btn) line 4,0:00:10.53,0.011,no,NA,
xxx,6/22/2015,17:50:28,Practice,1B,2,Nav,Easy,Easy,show confirmation,0:00:10.55,0.021,NA,NA,
xxx,6/22/2015,17:50:33,Practice,1B,3,Nav,Easy,Easy,(phase) Listening Start,0:00:15.58,5.026,NA,NA,
xxx,6/22/2015,17:50:33,Practice,1B,3,Nav,Easy,Easy,start trial 3,0:00:15.62,0.037,NA,NA,
xxx,6/22/2015,17:50:34,Practice,1B,3,Nav,Easy,Easy,(phase) Listening Stop,0:00:16.74,1.121,NA,NA,
xxx,6/22/2015,17:50:34,Practice,1B,3,Nav,Easy,Easy,(phase) Speaking Start,0:00:16.74,0.009,NA,NA,
